200 300 0 0 32498.9 0 16249.4 0 0 16249.4 0 0 0 0
200 350 0 0 13228.5 0 6614.25 0 0 6614.25 6614.25 0 0 0
200 400 0 0 0 0 2887.83 0 0 2887.83 2887.83 0 0 0
200 450 1327.27 0 3981.8 2654.54 6636.34 0 1327.27 2654.54 3981.8 0 0 0
200 500 2543.35 0 5086.71 2543.35 1271.68 0 0 1907.52 635.839 635.839 0 0
200 550 2511.39 1569.62 8475.95 1569.62 3767.09 941.773 627.848 1255.7 3139.24 313.924 0 0
200 600 3484.69 2059.14 5543.83 2375.93 2375.93 0 316.79 316.79 1583.95 0 0 0
200 650 570.057 1140.11 4234.71 895.803 1710.17 244.31 244.31 651.493 570.057 162.873 0 0
200 700 510.967 553.547 2597.41 468.386 723.869 127.742 127.742 425.805 212.903 0 0 0
200 750 313.139 313.139 1252.56 246.038 492.075 44.7341 89.4683 380.24 290.772 89.4683 0 0
200 800 296.785 308.657 1127.78 249.3 391.756 47.4856 118.714 213.685 94.9713 35.6142 0 0
200 850 82.5337 184.114 755.5 101.58 222.206 31.7437 19.0462 82.5337 44.4412 0 0 0
200 900 98.6175 159.828 489.687 57.8102 180.232 13.6024 27.2048 71.4127 13.6024 10.2018 0 0
400 300 20651.1 0 10325.6 10325.6 10325.6 0 0 0 0 10325.6 0 0
400 350 8877.34 4438.67 13316 8877.34 13316 4438.67 8877.34 8877.34 0 8877.34 0 0
400 400 2025.76 2025.76 4051.52 2025.76 4051.52 0 0 0 0 2025.76 0 0
400 450 0 0 3856.55 0 964.138 0 0 1928.28 2892.41 964.138 0 0
400 500 473.736 1894.94 3789.89 473.736 2368.68 0 947.472 1421.21 947.472 0 0 0
400 550 239.827 479.655 2158.45 239.827 959.309 239.827 0 479.655 0 0 0 0
400 600 493.138 493.138 1109.56 616.423 1479.41 493.138 493.138 493.138 369.854 0 123.285 0
400 650 193.198 193.198 579.594 128.799 257.597 64.3993 0 257.597 257.597 128.799 0 0
400 700 0 68.0734 408.441 102.11 204.22 34.0367 34.0367 170.184 136.147 136.147 0 0
400 750 72.5281 126.924 507.697 18.132 199.452 0 72.5281 126.924 18.132 36.2641 0 0
400 800 106.667 58.1819 261.819 58.1819 155.152 19.394 58.1819 145.455 19.394 9.69699 0 0
400 850 20.8463 67.7506 302.272 5.21159 114.655 0 26.0579 88.597 26.0579 10.4232 0 0
400 900 42.2644 140.881 442.367 36.6291 228.228 8.45287 25.3586 59.1701 30.9939 14.0881 0 0
600 300 0 5933.1 23732.4 0 11866.2 0 5933.1 41531.7 11866.2 11866.2 0 0
600 350 0 2643.08 15858.5 2643.08 5286.17 0 0 5286.17 2643.08 2643.08 0 0
600 400 1246.83 1246.83 6234.13 0 6234.13 0 2493.65 3740.48 4987.3 2493.65 0 0
600 450 0 2448.17 4896.35 0 3672.26 0 1224.09 3060.22 1836.13 1224.09 0 0
600 500 618.425 309.212 1855.27 618.425 618.425 309.212 0 309.212 1546.06 0 0 0
600 550 318.191 795.477 1909.14 159.095 1272.76 0 159.095 477.286 0 159.095 159.095 0
600 600 251.223 251.223 837.41 251.223 418.705 167.482 251.223 418.705 251.223 167.482 0 0
600 650 89.1589 44.5795 713.272 89.1589 133.738 44.5795 0 267.477 356.636 133.738 0 0
600 700 96.1251 96.1251 360.469 72.0938 168.219 24.0313 72.0938 96.1251 48.0625 24.0313 0 0
600 750 51.7893 77.6839 336.63 64.7366 142.421 38.842 38.842 142.421 51.7893 12.9473 0 0
600 800 35.2511 49.3516 204.457 21.1507 91.653 14.1005 7.05023 49.3516 14.1005 7.05023 0 0
600 850 7.66254 38.3127 187.732 3.83127 103.444 3.83127 26.8189 61.3003 30.6501 11.4938 0 0
600 900 6.26889 27.1652 91.9437 8.35851 48.0615 2.08963 10.4481 25.0755 18.8067 6.26889 0 0
600 950 12.5383 22.7968 85.4881 9.11874 42.1741 4.55937 7.97889 17.0976 20.5172 4.55937 1.13984 1.13984
800 300 3425.91 3425.91 20555.5 3425.91 13703.6 3425.91 6851.82 10277.7 6851.82 3425.91 0 0
800 350 3045.35 0 7613.38 3045.35 4568.03 1522.68 1522.68 3045.35 6090.7 1522.68 0 0
800 400 0 1454.09 5816.36 727.044 2908.18 0 1454.09 4362.27 3635.22 3635.22 727.044 0
800 450 1091.18 1091.18 2909.82 0 1091.18 0 1091.18 2909.82 2546.09 3273.55 0 0
800 500 373.467 746.933 2427.53 373.467 1493.87 373.467 560.2 2054.07 2054.07 1120.4 0 0
800 550 196.001 882.003 1274 196.001 686.002 0 294.001 490.002 882.003 392.001 0 0
800 600 157.299 209.732 786.494 52.4329 262.165 0 52.4329 314.597 157.299 52.4329 52.4329 0
800 650 56.7334 28.3667 283.667 28.3667 56.7334 28.3667 28.3667 113.467 56.7334 0 0 0
800 700 46.2543 92.5085 215.853 30.8362 77.0904 0 30.8362 30.8362 92.5085 77.0904 0 0
800 750 25.2875 42.1459 177.013 16.8584 101.15 16.8584 33.7167 118.008 0 8.42918 0 0
800 800 13.9334 37.1558 148.623 9.28894 69.667 0 13.9334 37.1558 13.9334 4.64447 0 0
800 850 17.8379 30.5792 124.865 17.8379 76.448 2.54827 22.9344 38.224 12.7413 2.54827 2.54827 0
800 900 9.84095 14.0585 71.6983 8.4351 29.5228 2.8117 7.02925 12.6526 16.8702 1.40585 0 0
800 950 7.75508 17.0612 47.306 6.20407 32.5714 1.55102 10.0816 15.5102 10.0816 2.32652 0 0
1000 250 0 0 0 5749.88 0 0 0 0 0 0 0 0
1000 300 0 2157.19 4314.38 0 4314.38 0 2157.19 4314.38 2157.19 0 0 0
1000 350 919.514 0 4597.57 0 919.514 0 0 2758.54 1839.03 919.514 0 0
1000 400 428.337 1285.01 2570.02 0 2998.36 0 1713.35 2141.69 1713.35 856.674 428.337 0
1000 450 638.829 425.886 1277.66 212.943 1277.66 212.943 425.886 851.772 1277.66 1064.72 0 0
1000 500 328.415 328.415 766.302 218.944 328.415 218.944 218.944 437.887 328.415 218.944 0 0
1000 550 289.121 231.297 809.54 231.297 346.946 57.8243 173.473 462.594 578.243 404.77 115.649 0
1000 600 93.5899 62.3932 218.376 124.786 249.573 31.1966 62.3932 155.983 343.163 124.786 31.1966 0
1000 650 50.8569 33.9046 186.475 84.7615 50.8569 33.9046 16.9523 118.666 203.428 67.8092 0 0
1000 700 18.6278 55.8833 176.964 9.31389 93.1389 0 46.5694 102.453 65.1972 65.1972 18.6278 18.6278
1000 750 10.3128 20.6257 139.223 5.15641 36.0949 0 5.15641 56.7205 10.3128 5.15641 5.15641 5.15641
1000 800 5.72348 28.6174 97.2992 5.72348 37.2026 0 11.447 28.6174 25.7557 5.72348 0 0
1000 850 4.76954 20.668 81.0822 4.76954 38.1563 1.58985 9.53908 19.0782 9.53908 6.35939 0 0
1000 900 4.4119 20.2948 62.649 2.64714 29.1186 0.882381 4.4119 11.471 8.82381 3.52952 0 0
1000 950 3.44297 10.8208 31.9705 3.44297 20.6578 1.47556 5.41039 8.36151 4.91853 2.45927 0 0
1200 300 1517.94 0 3035.88 0 1517.94 0 0 1517.94 1517.94 0 0 0
1200 350 0 609.517 1828.55 0 609.517 0 0 0 609.517 1828.55 0 0
1200 400 543.402 543.402 815.103 543.402 543.402 271.701 271.701 271.701 543.402 271.701 0 0
1200 450 259.372 0 389.059 259.372 259.372 129.686 129.686 389.059 518.745 259.372 0 0
1200 500 131.246 131.246 524.982 131.246 65.6228 65.6228 65.6228 196.868 393.737 65.6228 0 0
1200 550 34.3245 137.298 514.867 34.3245 34.3245 34.3245 0 34.3245 137.298 34.3245 0 0
1200 600 110.002 18.3337 146.67 110.002 128.336 36.6675 18.3337 110.002 128.336 36.6675 0 0
1200 650 39.9331 9.98327 119.799 29.9498 19.9665 9.98327 0 29.9498 39.9331 39.9331 0 0
1200 700 10.993 32.9789 126.419 10.993 38.4754 5.49648 10.993 38.4754 38.4754 32.9789 5.49648 5.49648
1200 750 9.13968 15.2328 91.3968 6.09312 27.419 0 9.13968 24.3725 9.13968 9.13968 0 0
1200 800 6.80561 13.6112 57.8477 8.50702 28.9239 1.7014 5.10421 18.7154 8.50702 11.9098 0 0
1200 850 2.85076 11.4031 46.5625 2.85076 19.9553 0 4.75127 9.50254 7.60204 2.85076 0 0
1200 900 3.73054 7.99401 29.8443 2.66467 14.9222 1.5988 3.73054 5.32934 3.73054 1.06587 0 0
1400 300 0 0 2395.27 0 0 0 0 3592.9 0 0 0 0
1400 350 0 448.441 896.882 0 448.441 0 0 448.441 448.441 448.441 0 0
1400 400 189.586 0 758.345 379.172 379.172 379.172 0 189.586 758.345 568.759 189.586 0
1400 450 0 86.1554 344.622 0 86.1554 0 0 172.311 172.311 86.1554 0 0
1400 500 41.8529 41.8529 209.265 41.8529 83.7058 41.8529 0 41.8529 167.412 251.117 41.8529 0
1400 550 0 21.1751 105.875 0 21.1751 0 21.1751 84.7004 42.3502 63.5253 0 0
1400 600 10.6878 21.3756 74.8147 32.0635 32.0635 10.6878 21.3756 32.0635 53.4391 21.3756 10.6878 10.6878
1400 650 17.8997 23.8663 113.365 29.8329 53.6992 5.96658 29.8329 53.6992 47.7327 11.9332 5.96658 0
1400 700 6.52214 13.0443 65.2214 6.52214 26.0886 3.26107 6.52214 19.5664 6.52214 3.26107 0 0
1400 750 0 7.18905 48.5261 0 25.1617 0 3.59452 10.7836 5.39179 3.59452 0 0
1400 800 1.99864 7.99455 45.9687 1.99864 25.9823 0 9.99319 19.9864 7.99455 5.99591 0 0
1400 850 2.23433 5.02725 27.9292 1.67575 17.8747 1.11717 3.91008 10.0545 3.91008 1.67575 0 0
1400 900 1.94742 4.2194 17.5268 1.62285 10.0617 0 1.62285 5.51768 3.89483 1.62285 0 0
1600 250 0 0 0 0 3317.99 0 0 0 0 0 0 0
1600 300 0 0 2048.85 0 2048.85 0 1024.43 2048.85 0 0 0 0
1600 350 0 0 0 0 0 0 0 0 729.143 364.572 0 0
1600 400 0 144.634 289.269 0 144.634 0 0 0 144.634 144.634 0 0
1600 450 0 0 62.9147 0 125.829 0 0 0 125.829 0 0 0
1600 500 0 29.1415 116.566 0 29.1415 0 29.1415 29.1415 0 0 0 0
1600 550 0 28.4376 127.969 0 42.6564 0 0 14.2188 42.6564 28.4376 0 0
1600 600 0 0 50.364 7.19485 14.3897 0 14.3897 21.5846 14.3897 7.19485 0 0
1600 650 11.2524 30.0064 63.7635 7.50159 26.2556 3.7508 15.0032 30.0064 3.7508 3.7508 0 0
1600 700 4.01958 2.00979 32.1567 0 10.049 0 2.00979 8.03917 6.02937 6.02937 0 0
1600 750 4.3684 9.8289 37.1314 0 16.3815 0 3.2763 18.5657 2.1842 4.3684 0 0
1600 800 0.601057 5.40952 27.6486 0.601057 12.6222 0 2.40423 4.80846 4.2074 2.40423 0 0
1600 850 1.3812 3.45301 17.265 1.3812 10.0137 0.690601 1.7265 4.83421 2.4171 1.3812 0 0
1800 250 0 0 6219.78 0 0 0 0 3109.89 0 0 0 0
1800 300 0 0 933.044 0 933.044 0 0 0 0 0 0 0
1800 350 0 0 0 0 0 0 0 0 0 0 0 0
1800 400 0 0 0 0 0 0 0 0 241.509 0 0 0
1800 450 49.915 99.83 149.745 49.915 49.915 0 49.915 49.915 49.915 99.83 0 0
1800 500 0 0 44.0596 0 22.0298 0 0 22.0298 22.0298 22.0298 0 0
1800 550 20.6838 31.0257 62.0514 0 31.0257 0 10.3419 20.6838 10.3419 0 0 0
1800 600 5.05495 10.1099 45.4946 5.05495 15.1649 5.05495 5.05495 15.1649 15.1649 10.1099 5.05495 0
1800 650 0 7.65911 35.7425 0 12.7652 0 7.65911 20.4243 2.55304 2.55304 0 0
1800 700 1.33015 7.9809 27.9331 1.33015 11.9713 0 3.99045 9.31104 1.33015 1.33015 0 0
1800 750 0 4.32927 23.0894 0 9.38008 0 2.16463 7.93699 1.44309 1.44309 0.721545 0
1800 800 0 2.35035 13.7104 0 8.61797 0 1.17518 3.13381 1.17518 0.391726 0 0.391726
1800 850 0 0 0 0 0 0 0 0 0 0 0 0
1800 900 0.603578 3.38004 9.53653 0.362147 4.94934 0.241431 0.965725 2.77646 0.965725 0.482862 0 0
2000 250 0 0 2970.99 0 0 0 0 2970.99 0 0 0 0
2000 300 0 0 3484.88 0 871.22 0 0 1742.44 871.22 0 0 0
2000 350 0 0 0 0 0 0 0 0 0 291.182 0 0
2000 400 0 0 214.715 0 107.358 0 0 214.715 107.358 0 0 0
2000 450 0 127.858 170.478 0 85.2389 0 42.6194 42.6194 0 0 0 0
2000 500 0 0 54.5284 0 0 0 0 36.3523 0 0 0 0
2000 550 0 0 73.6075 0 0 0 0 16.3572 0 0 0 0
2000 600 0 7.69036 42.297 0 11.5355 0 7.69036 19.2259 3.84518 3.84518 0 0
2000 650 0 1.89414 28.4122 0 3.78829 0 1.89414 7.57658 0 3.78829 0 0
2000 700 0 1.91863 15.3491 0 7.67453 0 1.91863 4.79658 2.87795 0.959317 0 0
2000 750 0.998288 2.99486 11.9795 0 8.98459 0 2.49572 4.99144 1.49743 0.998288 0 0
2000 800 0.527303 3.42747 12.9189 0.527303 5.53668 0.263651 1.31826 3.42747 0.790954 0.790954 0 0
2200 250 0 0 8634.81 0 0 0 0 0 0 0 0 0
2200 300 0 0 837.441 0 0 0 0 837.441 0 837.441 0 0
2200 350 0 0 274.627 0 0 0 0 0 0 0 0 0
2200 400 0 0 99.626 0 199.252 0 0 99.626 199.252 0 0 0
2200 450 0 38.4557 38.4557 0 115.367 0 38.4557 38.4557 0 0 0 0
2200 500 15.8861 0 79.4305 0 15.8861 0 0 31.7722 0 0 0 0
2400 250 0 0 0 0 0 0 0 0 0 0 0 0
2400 300 0 815.667 1631.33 0 815.667 0 815.667 1631.33 0 815.667 0 0
2400 350 0 0 528.01 0 0 0 0 0 264.005 264.005 0 0
2400 400 94.7383 94.7383 189.477 94.7383 94.7383 94.7383 94.7383 189.477 94.7383 0 0 0
2400 450 0 71.9813 107.972 0 35.9907 0 0 0 35.9907 0 0 0
2400 500 0 28.9858 72.4645 0 57.9716 0 28.9858 43.4787 43.4787 28.9858 28.9858 14.4929
2600 300 792.952 0 0 0 0 0 0 0 792.952 792.952 0 0
2600 350 0 0 0 0 0 0 0 256.53 256.53 256.53 0 0
2600 400 0 181.224 181.224 0 181.224 0 90.6118 90.6118 90.6118 0 0 0
2600 450 0 68.1363 68.1363 0 34.0681 0 0 0 0 0 0 0
2600 500 27.0704 27.0704 40.6056 13.5352 27.0704 13.5352 13.5352 27.0704 13.5352 13.5352 0 0
2800 300 0 0 776.157 0 0 0 0 0 776.157 0 0 0
2800 350 0 0 250.649 0 250.649 0 0 0 0 0 0 0
2800 400 0 87.6861 263.058 0 175.372 0 87.6861 263.058 87.6861 175.372 87.6861 0
2800 450 0 0 65.6964 0 0 0 0 0 0 0 0 0
2800 500 12.992 38.976 64.9601 0 38.976 0 38.976 38.976 0 25.984 12.992 0
3000 300 0 0 1527.38 0 0 0 0 0 763.69 0 0 0
3000 350 0 0 490.641 0 0 0 0 490.641 245.321 245.321 0 0
3000 400 0 0 85.8294 0 0 0 0 85.8294 0 0 0 0
3000 450 0 0 0 0 32.0652 0 0 0 0 0 0 0
3000 500 0 0 37.8466 0 0 0 0 12.6155 12.6155 12.6155 0 0
3200 400 0 0 0 0 84.2123 0 84.2123 84.2123 0 0 0 0
3200 450 31.4715 0 31.4715 31.4715 31.4715 0 0 31.4715 31.4715 62.943 31.4715 0
3200 500 0 0 24.4104 0 12.2052 0 0 0 0 0 0 0
3400 450 0 0 0 0 0 0 0 0 30.6499 0 0 0
3400 500 0 0 35.9102 0 11.9701 0 11.9701 23.9401 0 0 0 0
3600 500 0 11.6895 35.0684 0 11.6895 0 0 11.6895 0 0 0 0
