0.01 3.05933e-29
0.0101158 3.08531e-29
0.0102329 3.11029e-29
0.0103514 3.1343e-29
0.0104713 3.15735e-29
0.0105925 3.18502e-29
0.0107152 3.21544e-29
0.0108393 3.24476e-29
0.0109648 3.27298e-29
0.0110917 3.30013e-29
0.0112202 3.32622e-29
0.0113501 3.35129e-29
0.0114815 3.37535e-29
0.0116145 3.40475e-29
0.011749 3.43737e-29
0.011885 3.46879e-29
0.0120226 3.49904e-29
0.0121619 3.52814e-29
0.0123027 3.55612e-29
0.0124451 3.583e-29
0.0125893 3.6088e-29
0.012735 3.63828e-29
0.0128825 3.66986e-29
0.0130317 3.70024e-29
0.0131826 3.72944e-29
0.0133352 3.75749e-29
0.0134896 3.78441e-29
0.0136458 3.81021e-29
0.0138038 3.83494e-29
0.0139637 3.86459e-29
0.0141254 3.89717e-29
0.0142889 3.92849e-29
0.0144544 3.95858e-29
0.0146218 3.98747e-29
0.0147911 4.01518e-29
0.0149624 4.04174e-29
0.0151356 4.06716e-29
0.0153109 4.09829e-29
0.0154882 4.13284e-29
0.0156675 4.16606e-29
0.0158489 4.19799e-29
0.0160325 4.22863e-29
0.0162181 4.25802e-29
0.0164059 4.28619e-29
0.0165959 4.31315e-29
0.016788 4.34477e-29
0.0169824 4.37909e-29
0.0171791 4.41206e-29
0.017378 4.44369e-29
0.0175792 4.47403e-29
0.0177828 4.50308e-29
0.0179887 4.53089e-29
0.018197 4.55747e-29
0.0184077 4.5884e-29
0.0186209 4.62184e-29
0.0188365 4.6539e-29
0.0190546 4.68463e-29
0.0192752 4.71404e-29
0.0194984 4.74216e-29
0.0197242 4.76903e-29
0.0199526 4.79465e-29
0.0201837 4.82455e-29
0.0204174 4.85689e-29
0.0206538 4.88786e-29
0.020893 4.91748e-29
0.0211349 4.94578e-29
0.0213796 4.97279e-29
0.0216272 4.99853e-29
0.0218776 5.02303e-29
0.0221309 5.05317e-29
0.0223872 5.08664e-29
0.0226464 5.11868e-29
0.0229087 5.14932e-29
0.0231739 5.17859e-29
0.0234423 5.20651e-29
0.0237137 5.23311e-29
0.0239883 5.25843e-29
0.0242661 5.28837e-29
0.0245471 5.32096e-29
0.0248313 5.35212e-29
0.0251189 5.38186e-29
0.0254097 5.41022e-29
0.025704 5.43723e-29
0.0260016 5.46291e-29
0.0263027 5.48729e-29
0.0266073 5.51491e-29
0.0269153 5.54427e-29
0.027227 5.57223e-29
0.0275423 5.59882e-29
0.0278612 5.62408e-29
0.0281838 5.64802e-29
0.0285102 5.67068e-29
0.0288403 5.69208e-29
0.0291743 5.71854e-29
0.0295121 5.74794e-29
0.0298538 5.77591e-29
0.0301995 5.8025e-29
0.0305492 5.82771e-29
0.030903 5.85159e-29
0.0312608 5.87416e-29
0.0316228 5.89545e-29
0.031989 5.92048e-29
0.0323594 5.94759e-29
0.0327341 5.9733e-29
0.0331131 5.99764e-29
0.0334965 6.02064e-29
0.0338844 6.04233e-29
0.0342768 6.06273e-29
0.0346737 6.08187e-29
0.0350752 6.10465e-29
0.0354813 6.12943e-29
0.0358922 6.15285e-29
0.0363078 6.17493e-29
0.0367282 6.19569e-29
0.0371535 6.21517e-29
0.0375837 6.23339e-29
0.0380189 6.25039e-29
0.0384592 6.27089e-29
0.0389045 6.29333e-29
0.039355 6.31444e-29
0.0398107 6.33424e-29
0.0402717 6.35275e-29
0.040738 6.37002e-29
0.0412098 6.38606e-29
0.0416869 6.40089e-29
0.0421697 6.41886e-29
0.042658 6.43853e-29
0.0431519 6.45691e-29
0.0436516 6.47403e-29
0.044157 6.48991e-29
0.0446684 6.50457e-29
0.0451856 6.51805e-29
0.0457088 6.53037e-29
0.0462381 6.54574e-29
0.0467735 6.56275e-29
0.0473151 6.57852e-29
0.047863 6.59306e-29
0.0484172 6.60642e-29
0.0489779 6.6186e-29
0.049545 6.62963e-29
0.0501187 6.63955e-29
0.0506991 6.65209e-29
0.0512861 6.66602e-29
0.05188 6.67876e-29
0.0524807 6.69033e-29
0.0530884 6.70076e-29
0.0537032 6.71007e-29
0.054325 6.7183e-29
0.0549541 6.72546e-29
0.0555904 6.73484e-29
0.0562341 6.74537e-29
0.0568853 6.75477e-29
0.057544 6.76307e-29
0.0582103 6.7703e-29
0.0588844 6.77648e-29
0.0595662 6.78163e-29
0.060256 6.78577e-29
0.0609537 6.7918e-29
0.0616595 6.79876e-29
0.0623735 6.80466e-29
0.0630957 6.80955e-29
0.0638263 6.81343e-29
0.0645654 6.81633e-29
0.0653131 6.81827e-29
0.0660693 6.81927e-29
0.0668344 6.82176e-29
0.0676083 6.82496e-29
0.0683912 6.82718e-29
0.0691831 6.82846e-29
0.0699842 6.82882e-29
0.0707946 6.82827e-29
0.0716143 6.82684e-29
0.0724436 6.82455e-29
0.0732825 6.82327e-29
0.074131 6.82239e-29
0.0749894 6.82064e-29
0.0758578 6.81803e-29
0.0767361 6.81459e-29
0.0776247 6.81034e-29
0.0785236 6.80529e-29
0.0794328 6.79946e-29
0.0803526 6.79613e-29
0.0812831 6.79422e-29
0.0822243 6.79145e-29
0.0831764 6.78786e-29
0.0841395 6.78346e-29
0.0851138 6.77828e-29
0.0860994 6.77232e-29
0.0870964 6.76561e-29
0.0881049 6.75787e-29
0.0891251 6.74923e-29
0.0901571 6.73989e-29
0.0912011 6.72989e-29
0.0922571 6.71923e-29
0.0933254 6.70794e-29
0.0944061 6.69602e-29
0.0954993 6.68349e-29
0.0966051 6.67273e-29
0.0977237 6.66295e-29
0.0988553 6.65252e-29
0.1 6.64145e-29
0.101158 6.62977e-29
0.102329 6.61748e-29
0.103514 6.60461e-29
0.104713 6.59116e-29
0.105925 6.57735e-29
0.107152 6.56311e-29
0.108393 6.54834e-29
0.109648 6.53305e-29
0.110917 6.51725e-29
0.112202 6.50095e-29
0.113501 6.48418e-29
0.114815 6.46693e-29
0.116145 6.45016e-29
0.11749 6.43357e-29
0.11885 6.4165e-29
0.120226 6.39898e-29
0.121619 6.38103e-29
0.123027 6.36265e-29
0.124451 6.34385e-29
0.125893 6.32464e-29
0.12735 6.30548e-29
0.128825 6.28621e-29
0.130317 6.26656e-29
0.131826 6.24654e-29
0.133352 6.22615e-29
0.134896 6.20541e-29
0.136458 6.18433e-29
0.138038 6.16292e-29
0.139637 6.14107e-29
0.141254 6.11883e-29
0.142889 6.09629e-29
0.144544 6.07347e-29
0.146218 6.05037e-29
0.147911 6.027e-29
0.149624 6.00338e-29
0.151356 5.97951e-29
0.153109 5.95437e-29
0.154882 5.92833e-29
0.156675 5.9021e-29
0.158489 5.8757e-29
0.160325 5.84913e-29
0.162181 5.8224e-29
0.164059 5.79551e-29
0.165959 5.76848e-29
0.16788 5.74183e-29
0.169824 5.7154e-29
0.171791 5.68881e-29
0.17378 5.66209e-29
0.175792 5.63524e-29
0.177828 5.60825e-29
0.179887 5.58115e-29
0.18197 5.55393e-29
0.184077 5.52583e-29
0.186209 5.4971e-29
0.188365 5.4683e-29
0.190546 5.43944e-29
0.192752 5.41053e-29
0.194984 5.38157e-29
0.197242 5.35256e-29
0.199526 5.32351e-29
0.201837 5.29413e-29
0.204174 5.26454e-29
0.206538 5.23493e-29
0.20893 5.2053e-29
0.211349 5.17567e-29
0.213796 5.14604e-29
0.216272 5.1164e-29
0.218776 5.08677e-29
0.221309 5.0559e-29
0.223872 5.02421e-29
0.226464 4.99259e-29
0.229087 4.96103e-29
0.231739 4.92954e-29
0.234423 4.89812e-29
0.237137 4.86677e-29
0.239883 4.8355e-29
0.242661 4.80391e-29
0.245471 4.77215e-29
0.248313 4.74048e-29
0.251189 4.70891e-29
0.254097 4.67744e-29
0.25704 4.64608e-29
0.260016 4.61482e-29
0.263027 4.58366e-29
0.266073 4.55126e-29
0.269153 4.51806e-29
0.27227 4.48502e-29
0.275423 4.45215e-29
0.278612 4.41944e-29
0.281838 4.3869e-29
0.285102 4.35453e-29
0.288403 4.32232e-29
0.291743 4.28951e-29
0.295121 4.25637e-29
0.298538 4.22342e-29
0.301995 4.19067e-29
0.305492 4.15811e-29
0.30903 4.12575e-29
0.312608 4.09359e-29
0.316228 4.06162e-29
0.31989 4.02916e-29
0.323594 3.99643e-29
0.327341 3.96392e-29
0.331131 3.93163e-29
0.334965 3.89956e-29
0.338844 3.86771e-29
0.342768 3.83608e-29
0.346737 3.80467e-29
0.350752 3.77205e-29
0.354813 3.73872e-29
0.358922 3.70566e-29
0.363078 3.67286e-29
0.367282 3.64033e-29
0.371535 3.60806e-29
0.375837 3.57605e-29
0.380189 3.5443e-29
0.384592 3.51214e-29
0.389045 3.4798e-29
0.39355 3.44774e-29
0.398107 3.41595e-29
0.402717 3.38444e-29
0.40738 3.35321e-29
0.412098 3.32224e-29
0.416869 3.29155e-29
0.421697 3.26007e-29
0.42658 3.22817e-29
0.431519 3.19657e-29
0.436516 3.16527e-29
0.44157 3.13427e-29
0.446684 3.10356e-29
0.451856 3.07315e-29
0.457088 3.04302e-29
0.462381 3.01231e-29
0.467735 2.98132e-29
0.473151 2.95064e-29
0.47863 2.92027e-29
0.484172 2.89021e-29
0.489779 2.86045e-29
0.49545 2.831e-29
0.501187 2.80185e-29
0.506991 2.77217e-29
0.512861 2.74224e-29
0.5188 2.71263e-29
0.524807 2.68334e-29
0.530884 2.65437e-29
0.537032 2.62571e-29
0.54325 2.59735e-29
0.549541 2.56931e-29
0.555904 2.54075e-29
0.562341 2.51196e-29
0.568853 2.4835e-29
0.57544 2.45535e-29
0.582103 2.42753e-29
0.588844 2.40002e-29
0.595662 2.37283e-29
0.60256 2.34594e-29
0.609537 2.31864e-29
0.616595 2.29117e-29
0.623735 2.26402e-29
0.630957 2.2372e-29
0.638263 2.21069e-29
0.645654 2.1845e-29
0.653131 2.15862e-29
0.660693 2.13304e-29
0.668344 2.10695e-29
0.676083 2.08062e-29
0.683912 2.05461e-29
0.691831 2.02893e-29
0.699842 2.00356e-29
0.707946 1.97851e-29
0.716143 1.95377e-29
0.724436 1.92934e-29
0.732825 1.90487e-29
0.74131 1.88046e-29
0.749894 1.85637e-29
0.758578 1.83259e-29
0.767361 1.8091e-29
0.776247 1.78591e-29
0.785236 1.76302e-29
0.794328 1.74041e-29
0.803526 1.71739e-29
0.812831 1.69417e-29
0.822243 1.67127e-29
0.831764 1.64866e-29
0.841395 1.62635e-29
0.851138 1.60434e-29
0.860994 1.58262e-29
0.870964 1.56119e-29
0.881049 1.53973e-29
0.891251 1.51834e-29
0.901571 1.49725e-29
0.912011 1.47643e-29
0.922571 1.4559e-29
0.933254 1.43565e-29
0.944061 1.41566e-29
0.954993 1.39595e-29
0.966051 1.37619e-29
0.977237 1.35649e-29
0.988553 1.33706e-29
1 1.31789e-29
1.01158 1.29899e-29
1.02329 1.28035e-29
1.03514 1.26196e-29
1.04713 1.24383e-29
1.05925 1.22557e-29
1.07152 1.2073e-29
1.08393 1.1893e-29
1.09648 1.17154e-29
1.10917 1.15404e-29
1.12202 1.13679e-29
1.13501 1.11978e-29
1.14815 1.103e-29
1.16145 1.08642e-29
1.1749 1.07002e-29
1.1885 1.05386e-29
1.20226 1.03793e-29
1.21619 1.02223e-29
1.23027 1.00675e-29
1.24451 9.9149e-30
1.25893 9.76448e-30
1.2735 9.61368e-30
1.28825 9.46335e-30
1.30317 9.31519e-30
1.31826 9.16918e-30
1.33352 9.0253e-30
1.34896 8.88351e-30
1.36458 8.74379e-30
1.38038 8.60609e-30
1.39637 8.46946e-30
1.41254 8.33418e-30
1.42889 8.20088e-30
1.44544 8.06954e-30
1.46218 7.94014e-30
1.47911 7.81264e-30
1.49624 7.68702e-30
1.51356 7.56325e-30
1.53109 7.43986e-30
1.54882 7.31731e-30
1.56675 7.19659e-30
1.58489 7.07767e-30
1.60325 6.96054e-30
1.62181 6.84516e-30
1.64059 6.7315e-30
1.65959 6.61956e-30
1.6788 6.50852e-30
1.69824 6.39864e-30
1.71791 6.29041e-30
1.7378 6.18383e-30
1.75792 6.07886e-30
1.77828 5.97549e-30
1.79887 5.87368e-30
1.8197 5.77342e-30
1.84077 5.67387e-30
1.86209 5.57528e-30
1.88365 5.4782e-30
1.90546 5.38261e-30
1.92752 5.2885e-30
1.94984 5.19583e-30
1.97242 5.1046e-30
1.99526 5.01477e-30
2.01837 4.92554e-30
2.04174 4.83717e-30
2.06538 4.75017e-30
2.0893 4.66453e-30
2.11349 4.58023e-30
2.13796 4.49725e-30
2.16272 4.41557e-30
2.18776 4.33517e-30
2.21309 4.25606e-30
2.23872 4.17822e-30
2.26464 4.10161e-30
2.29087 4.0262e-30
2.31739 3.95198e-30
2.34423 3.87894e-30
2.37137 3.80705e-30
2.39883 3.73629e-30
2.42661 3.66603e-30
2.45471 3.59647e-30
2.48313 3.52802e-30
2.51189 3.46066e-30
2.54097 3.39438e-30
2.5704 3.32917e-30
2.60016 3.265e-30
2.63027 3.20187e-30
2.66073 3.13972e-30
2.69153 3.07854e-30
2.7227 3.01835e-30
2.75423 2.95914e-30
2.78612 2.90088e-30
2.81838 2.84357e-30
2.85102 2.7872e-30
2.88403 2.73174e-30
2.91743 2.67742e-30
2.95121 2.62416e-30
2.98538 2.57177e-30
3.01995 2.52023e-30
3.05492 2.46953e-30
3.0903 2.41966e-30
3.12608 2.37062e-30
3.16228 2.32237e-30
3.1989 2.27481e-30
3.23594 2.22794e-30
3.27341 2.18184e-30
3.31131 2.13651e-30
3.34965 2.09194e-30
3.38844 2.0481e-30
3.42768 2.00499e-30
3.46737 1.9626e-30
3.50752 1.92117e-30
3.54813 1.8806e-30
3.58922 1.84071e-30
3.63078 1.80149e-30
3.67282 1.76292e-30
3.71535 1.725e-30
3.75837 1.68772e-30
3.80189 1.65107e-30
3.84592 1.61542e-30
3.89045 1.58065e-30
3.9355 1.54646e-30
3.98107 1.51285e-30
4.02717 1.47981e-30
4.0738 1.44732e-30
4.12098 1.41538e-30
4.16869 1.38399e-30
4.21697 1.35321e-30
4.2658 1.32301e-30
4.31519 1.29333e-30
4.36516 1.26415e-30
4.4157 1.23547e-30
4.46684 1.20728e-30
4.51856 1.17958e-30
4.57088 1.15235e-30
4.62381 1.12599e-30
4.67735 1.10035e-30
4.73151 1.07515e-30
4.7863 1.05039e-30
4.84172 1.02605e-30
4.89779 1.00213e-30
4.9545 9.78629e-31
5.01187 9.55531e-31
5.06991 9.3309e-31
5.12861 9.11214e-31
5.188 8.89716e-31
5.24807 8.68591e-31
5.30884 8.47833e-31
5.37032 8.27436e-31
5.4325 8.07395e-31
5.49541 7.87705e-31
5.55904 7.68606e-31
5.62341 7.50009e-31
5.68853 7.31738e-31
5.7544 7.13786e-31
5.82103 6.9615e-31
5.88844 6.78823e-31
5.95662 6.61803e-31
6.0256 6.45083e-31
6.09537 6.29083e-31
6.16595 6.13655e-31
6.23735 5.98498e-31
6.30957 5.83607e-31
6.38263 5.68979e-31
6.45654 5.5461e-31
6.53131 5.40495e-31
6.60693 5.2663e-31
6.68344 5.1322e-31
6.76083 5.00191e-31
6.83912 4.87393e-31
6.91831 4.74822e-31
6.99842 4.62475e-31
7.07946 4.50349e-31
7.16143 4.38439e-31
7.24436 4.26744e-31
7.32825 4.15498e-31
7.4131 4.04618e-31
7.49894 3.93933e-31
7.58578 3.8344e-31
7.67361 3.73135e-31
7.76247 3.63015e-31
7.85236 3.53079e-31
7.94328 3.43322e-31
8.03526 3.34029e-31
8.12831 3.25101e-31
8.22243 3.16333e-31
8.31764 3.07723e-31
8.41395 2.99268e-31
8.51138 2.90967e-31
8.60994 2.82817e-31
8.70964 2.74815e-31
8.81049 2.67167e-31
8.91251 2.59799e-31
9.01571 2.52565e-31
9.12011 2.45463e-31
9.22571 2.3849e-31
9.33254 2.31645e-31
9.44061 2.24925e-31
9.54993 2.18328e-31
9.66051 2.12057e-31
9.77237 2.0604e-31
9.88553 2.00132e-31
10 1.94333e-31
10.1158 1.88641e-31
10.2329 1.83053e-31
10.3514 1.77569e-31
10.4713 1.72186e-31
10.5925 1.67103e-31
10.7152 1.62251e-31
10.8393 1.57488e-31
10.9648 1.52813e-31
11.0917 1.48224e-31
11.2202 1.4372e-31
11.3501 1.393e-31
11.4815 1.34963e-31
11.6145 1.30867e-31
11.749 1.26958e-31
11.885 1.23121e-31
12.0226 1.19355e-31
12.1619 1.15659e-31
12.3027 1.12032e-31
12.4451 1.08474e-31
12.5893 1.04982e-31
12.735 1.01667e-31
12.8825 9.84914e-32
13.0317 9.5375e-32
13.1826 9.2317e-32
13.3352 8.93166e-32
13.4896 8.63727e-32
13.6458 8.34846e-32
13.8038 8.06512e-32
13.9637 7.80311e-32
14.1254 7.55692e-32
14.2889 7.31535e-32
14.4544 7.07833e-32
14.6218 6.84576e-32
14.7911 6.6176e-32
14.9624 6.39376e-32
15.1356 6.17418e-32
15.3109 5.9675e-32
15.4882 5.7707e-32
15.6675 5.57762e-32
15.8489 5.38821e-32
16.0325 5.2024e-32
16.2181 5.02014e-32
16.4059 4.84137e-32
16.5959 4.66603e-32
16.788 4.50388e-32
16.9824 4.35154e-32
17.1791 4.20209e-32
17.378 4.05549e-32
17.5792 3.9117e-32
17.7828 3.77067e-32
17.9887 3.63235e-32
18.197 3.49671e-32
18.4077 3.37026e-32
18.6209 3.25074e-32
18.8365 3.13352e-32
19.0546 3.01855e-32
19.2752 2.9058e-32
19.4984 2.79524e-32
19.7242 2.68683e-32
19.9526 2.58054e-32
20.1837 2.48323e-32
20.4174 2.39254e-32
20.6538 2.3036e-32
20.893 2.21639e-32
21.1349 2.13087e-32
21.3796 2.04701e-32
21.6272 1.9648e-32
21.8776 1.8842e-32
22.1309 1.81093e-32
22.3872 1.74301e-32
22.6464 1.67641e-32
22.9087 1.61111e-32
23.1739 1.54708e-32
23.4423 1.48431e-32
23.7137 1.42277e-32
23.9883 1.36245e-32
24.2661 1.3072e-32
24.5471 1.25567e-32
24.8313 1.20516e-32
25.1189 1.15564e-32
25.4097 1.1071e-32
25.704 1.05951e-32
26.0016 1.01287e-32
26.3027 9.67158e-33
26.6073 9.26446e-33
26.9153 8.89331e-33
27.227 8.52944e-33
27.5423 8.17274e-33
27.8612 7.82308e-33
28.1838 7.48037e-33
28.5102 7.14447e-33
28.8403 6.81528e-33
29.1743 6.51665e-33
29.5121 6.24035e-33
29.8538 5.96952e-33
30.1995 5.70407e-33
30.5492 5.44391e-33
30.903 5.18897e-33
31.2608 4.93915e-33
31.6228 4.69436e-33
31.989 4.47927e-33
32.3594 4.28539e-33
32.7341 4.09537e-33
33.1131 3.90913e-33
33.4965 3.72662e-33
33.8844 3.54778e-33
34.2768 3.37254e-33
34.6737 3.20085e-33
35.0752 3.04899e-33
35.4813 2.91136e-33
35.8922 2.77649e-33
36.3078 2.64432e-33
36.7282 2.51481e-33
37.1535 2.38792e-33
37.5837 2.2636e-33
38.0189 2.14182e-33
38.4592 2.03478e-33
38.9045 1.93828e-33
39.355 1.84373e-33
39.8107 1.75109e-33
40.2717 1.66032e-33
40.738 1.57141e-33
41.2098 1.48431e-33
41.6869 1.399e-33
42.1697 1.32565e-33
42.658 1.26076e-33
43.1519 1.19718e-33
43.6516 1.13489e-33
44.157 1.07388e-33
44.6684 1.01411e-33
45.1856 9.55565e-34
45.7088 8.98231e-34
46.2381 8.49579e-34
46.7735 8.07048e-34
47.3151 7.65379e-34
47.863 7.24558e-34
48.4172 6.84571e-34
48.9779 6.45405e-34
49.545 6.07046e-34
50.1187 5.6948e-34
50.6991 5.37178e-34
51.2861 5.08605e-34
51.88 4.80615e-34
52.4807 4.53199e-34
53.0884 4.26348e-34
53.7032 4.00053e-34
54.325 3.74303e-34
54.9541 3.49091e-34
55.5904 3.28052e-34
56.2341 3.09942e-34
56.8853 2.92203e-34
57.544 2.74829e-34
58.2103 2.57815e-34
58.8844 2.41154e-34
59.5662 2.24842e-34
60.256 2.08871e-34
60.9537 1.95674e-34
61.6595 1.84418e-34
62.3735 1.73395e-34
63.0957 1.626e-34
63.8263 1.5203e-34
64.5654 1.41682e-34
65.3131 1.31565e-34
66.0693 1.21743e-34
66.8344 1.14016e-34
67.6083 1.09639e-34
68.3912 1.15288e-34
69.1831 1.61417e-34
69.9842 3.55788e-34
70.7946 1.03623e-33
71.6143 3.13087e-33
72.4436 8.84141e-33
73.2825 2.25792e-32
74.131 5.15187e-32
74.9894 1.04344e-31
75.8578 1.86644e-31
76.7361 2.93452e-31
77.6247 4.03628e-31
78.5236 4.83338e-31
79.4328 5.01426e-31
80.3526 4.48386e-31
81.2831 3.43822e-31
82.2243 2.24873e-31
83.1764 1.24766e-31
84.1395 5.83969e-32
85.1138 2.2929e-32
86.0994 7.51202e-33
87.0964 2.04567e-33
88.1049 4.65457e-34
89.1251 9.37003e-35
90.1571 2.22889e-35
91.2011 1.06563e-35
92.2571 8.54161e-36
93.3254 7.64661e-36
94.4061 6.8888e-36
95.4993 6.15668e-36
96.6051 5.45804e-36
97.7237 4.78627e-36
98.8553 4.12916e-36
100 3.48647e-36
101.158 2.85795e-36
102.329 2.24336e-36
103.514 1.64247e-36
104.713 1.05504e-36
105.925 7.5308e-37
107.152 6.43976e-37
108.393 5.37272e-37
109.648 4.32925e-37
110.917 3.30898e-37
112.202 2.31149e-37
113.501 1.33641e-37
114.815 3.83344e-38
116.145 1.68882e-83
117.49 2.17232e-87
118.85 1.8183e-91
120.226 9.78022e-96
121.619 3.33715e-100
123.027 7.12864e-105
124.451 9.40487e-110
125.893 7.55744e-115
127.35 3.64654e-120
128.825 1.04117e-125
130.317 1.73293e-131
131.826 1.65571e-137
133.352 8.93884e-144
134.896 2.6832e-150
136.458 4.40454e-157
138.038 3.88723e-164
139.637 1.81261e-171
141.254 4.38665e-179
142.889 5.40967e-187
144.544 3.33628e-195
146.218 1.00936e-203
147.911 1.46875e-212
149.624 1.00736e-221
151.356 3.18966e-231
153.109 4.5645e-241
154.882 2.88847e-251
156.675 7.90428e-262
158.489 9.14185e-273
160.325 4.36503e-284
162.181 8.3999e-296
164.059 6.35601e-308
165.959 0
167.88 0
169.824 0
171.791 0
173.78 0
175.792 0
177.828 0
179.887 0
181.97 0
184.077 0
186.209 0
188.365 0
190.546 0
192.752 0
194.984 0
197.242 0
199.526 0
201.837 0
204.174 0
206.538 0
208.93 0
211.349 0
213.796 0
216.272 0
218.776 0
221.309 0
223.872 0
226.464 0
229.087 0
231.739 0
234.423 0
237.137 0
239.883 0
242.661 0
245.471 0
248.313 0
251.189 0
254.097 0
257.04 0
260.016 0
263.027 0
266.073 0
269.153 0
272.27 0
275.423 0
278.612 0
281.838 0
285.102 0
288.403 0
291.743 0
295.121 0
298.538 0
301.995 0
305.492 0
309.03 0
312.608 0
316.228 0
319.89 0
323.594 0
327.341 0
331.131 0
334.965 0
338.844 0
342.768 0
346.737 0
350.752 0
354.813 0
358.922 0
363.078 0
367.282 0
371.535 0
375.837 0
380.189 0
384.592 0
389.045 0
393.55 0
398.107 0
402.717 0
407.38 0
412.098 0
416.869 0
421.697 0
426.58 0
431.519 0
436.516 0
441.57 0
446.684 0
451.856 0
457.088 0
462.381 0
467.735 0
473.151 0
478.63 0
484.172 0
489.779 0
495.45 0
501.187 0
506.991 0
512.861 0
518.8 0
524.807 0
530.884 0
537.032 0
543.25 0
549.541 0
555.904 0
562.341 0
568.853 0
575.44 0
582.103 0
588.844 0
595.662 0
602.56 0
609.537 0
616.595 0
623.735 0
630.957 0
638.263 0
645.654 0
653.131 0
660.693 0
668.344 0
676.083 0
683.912 0
691.831 0
699.842 0
707.946 0
716.143 0
724.436 0
732.825 0
741.31 0
749.894 0
758.578 0
767.361 0
776.247 0
785.236 0
794.328 0
803.526 0
812.831 0
822.243 0
831.764 0
841.395 0
851.138 0
860.994 0
870.964 0
881.049 0
891.251 0
901.571 0
912.011 0
922.571 0
933.254 0
944.061 0
954.993 0
966.051 0
977.237 0
988.553 0
1000 0
1011.58 0
1023.29 0
1035.14 0
1047.13 0
1059.25 0
1071.52 0
1083.93 0
1096.48 0
1109.17 0
1122.02 0
1135.01 0
1148.15 0
1161.45 0
1174.9 0
1188.5 0
1202.26 0
1216.19 0
1230.27 0
1244.51 0
1258.93 0
1273.5 0
1288.25 0
1303.17 0
1318.26 0
1333.52 0
1348.96 0
1364.58 0
1380.38 0
1396.37 0
1412.54 0
1428.89 0
1445.44 0
1462.18 0
1479.11 0
1496.24 0
1513.56 0
1531.09 0
1548.82 0
1566.75 0
1584.89 0
1603.25 0
1621.81 0
1640.59 0
1659.59 0
1678.8 0
1698.24 0
1717.91 0
1737.8 0
1757.92 0
1778.28 0
1798.87 0
1819.7 0
1840.77 0
1862.09 0
1883.65 0
1905.46 0
1927.52 0
1949.84 0
1972.42 0
1995.26 0
2018.37 0
2041.74 0
2065.38 0
2089.3 0
2113.49 0
2137.96 0
2162.72 0
2187.76 0
2213.09 0
2238.72 0
2264.64 0
2290.87 0
2317.39 0
2344.23 0
2371.37 0
2398.83 0
2426.61 0
2454.71 0
2483.13 0
2511.89 0
2540.97 0
2570.4 0
2600.16 0
2630.27 0
2660.73 0
2691.53 0
2722.7 0
2754.23 0
2786.12 0
2818.38 0
2851.02 0
2884.03 0
2917.43 0
2951.21 0
2985.38 0
3019.95 0
3054.92 0
3090.3 0
3126.08 0
3162.28 0
3198.9 0
3235.94 0
3273.41 0
3311.31 0
3349.65 0
3388.44 0
3427.68 0
3467.37 0
3507.52 0
3548.13 0
3589.22 0
3630.78 0
3672.82 0
3715.35 0
3758.37 0
3801.89 0
3845.92 0
3890.45 0
3935.5 0
3981.07 0
4027.17 0
4073.8 0
4120.98 0
4168.69 0
4216.97 0
4265.8 0
4315.19 0
4365.16 0
4415.7 0
4466.84 0
4518.56 0
4570.88 0
4623.81 0
4677.35 0
4731.51 0
4786.3 0
4841.72 0
4897.79 0
4954.5 0
5011.87 0
5069.91 0
5128.61 0
5188 0
5248.07 0
5308.84 0
5370.32 0
5432.5 0
5495.41 0
5559.04 0
5623.41 0
5688.53 0
5754.4 0
5821.03 0
5888.44 0
5956.62 0
6025.6 0
6095.37 0
6165.95 0
6237.35 0
6309.57 0
6382.63 0
6456.54 0
6531.31 0
6606.93 0
6683.44 0
6760.83 0
6839.12 0
6918.31 0
6998.42 0
7079.46 0
7161.43 0
7244.36 0
7328.25 0
7413.1 0
7498.94 0
7585.78 0
7673.61 0
7762.47 0
7852.36 0
7943.28 0
8035.26 0
8128.31 0
8222.43 0
8317.64 0
8413.95 0
8511.38 0
8609.94 0
8709.64 0
8810.49 0
8912.51 0
9015.71 0
9120.11 0
9225.71 0
9332.54 0
9440.61 0
9549.93 0
9660.51 0
9772.37 0
9885.53 0
10000 0
