# limits_bb.txt
# Mass is in (GeV).  Limits have units of (cm^3/s).
# Column 00 mass
# Column 01 bootes_I
# Column 02 bootes_II
# Column 03 bootes_III
# Column 04 canes_venatici_I
# Column 05 canes_venatici_II
# Column 06 canis_major
# Column 07 carina
# Column 08 coma_berenices
# Column 09 draco
# Column 10 fornax
# Column 11 hercules
# Column 12 leo_I
# Column 13 leo_II
# Column 14 leo_IV
# Column 15 leo_V
# Column 16 pisces_II
# Column 17 sagittarius
# Column 18 sculptor
# Column 19 segue_1
# Column 20 segue_2
# Column 21 sextans
# Column 22 ursa_major_I
# Column 23 ursa_major_II
# Column 24 ursa_minor
# Column 25 willman_1
# Column 26 composite
# 
           6   1.3007e-26          nan          nan   1.2856e-25   7.4633e-26          nan    5.306e-26   1.1975e-26   1.1434e-26    2.476e-25   1.2454e-25    9.245e-25   3.4742e-25   2.0595e-25          nan          nan          nan     7.93e-26   7.8466e-27          nan   7.0116e-26   6.3944e-26   1.9513e-26   1.8474e-26   2.4011e-26   5.1264e-27
          10   1.3929e-26          nan          nan   1.1501e-25    8.177e-26          nan   9.1266e-26   1.3647e-26   1.1103e-26   2.6806e-25   2.0241e-25    9.153e-25   2.4427e-25   2.0485e-25          nan          nan          nan   9.9558e-26   1.1171e-26          nan   8.4454e-26   8.0677e-26    1.558e-26    1.234e-26   3.0055e-26   5.1678e-27
          25   3.0517e-26          nan          nan   1.9787e-25    1.493e-25          nan   2.6257e-25   2.1933e-26   1.5932e-26   4.5057e-25   4.9896e-25   1.2729e-24   2.7493e-25   2.6073e-25          nan          nan          nan   1.7766e-25   2.3007e-26          nan   1.0683e-25   1.3434e-25   1.6574e-26   1.4204e-26   6.7423e-26   8.4463e-27
          50   6.7653e-26          nan          nan   4.0572e-25   2.6925e-25          nan   4.7931e-25   3.5216e-26   2.5711e-26   7.8794e-25   9.3906e-25   1.8898e-24   4.2736e-25     3.71e-25          nan          nan          nan   3.0789e-25   4.1031e-26          nan   1.4106e-25   1.8615e-25   2.4813e-26   2.4098e-26   1.2769e-25   1.3481e-26
         100   1.5889e-25          nan          nan   9.3827e-25   5.8295e-25          nan   8.1753e-25   6.6629e-26   4.9991e-26   1.6026e-24   1.7838e-24   3.0454e-24   8.2468e-25   6.3716e-25          nan          nan          nan   5.8376e-25   7.7031e-26          nan   2.3644e-25   2.9019e-25    4.474e-26   5.2523e-26   2.4355e-25   2.2099e-26
         250   5.1207e-25          nan          nan    3.034e-24   2.3793e-24          nan   1.7911e-24    1.898e-25   1.5021e-25   4.3808e-24   4.2938e-24   6.5649e-24   2.5391e-24   1.6725e-24          nan          nan          nan   1.5481e-24   1.7264e-25          nan   6.0854e-25   7.0161e-25   1.2383e-25   1.9359e-25   6.1564e-25   4.7266e-26
         500   1.2205e-24          nan          nan   7.6644e-24   7.6549e-24          nan   3.8331e-24   4.5945e-25   3.8374e-25   9.6726e-24   9.4576e-24   1.3184e-23   6.7992e-24   3.9813e-24          nan          nan          nan   3.3195e-24   3.3413e-25          nan   1.4332e-24   1.5823e-24        3e-25    5.912e-25   1.2986e-24   9.2818e-26
        1000    2.886e-24          nan          nan   1.9868e-23   2.3524e-23          nan   9.5193e-24     1.18e-24    1.025e-24   2.3189e-23   2.3062e-23   2.9751e-23    1.908e-23    1.029e-23          nan          nan          nan   7.3564e-24   6.8069e-25          nan   3.6587e-24   3.9605e-24   7.3982e-25   1.8196e-24   2.8614e-24   1.9317e-25
        2500   9.8089e-24          nan          nan   7.3993e-23   9.6898e-23          nan   3.6132e-23   4.3633e-24   3.9235e-24   8.0679e-23   7.8884e-23   9.8056e-23   7.7376e-23   3.9342e-23          nan          nan          nan   2.1675e-23   2.0546e-24          nan   1.3747e-23   1.4548e-23    2.589e-24    7.655e-24   8.5942e-24   5.8134e-25
        5000   2.5982e-23          nan          nan   2.0881e-22   2.7859e-22          nan   1.0209e-22    1.214e-23   1.1089e-23   2.1831e-22   2.1013e-22   2.6159e-22   2.2469e-22   1.1259e-22          nan          nan          nan   5.3409e-23   5.2692e-24          nan   3.8962e-23   4.0567e-23   6.9401e-24   2.1851e-23   2.0958e-23   1.4604e-24
       10000   7.2962e-23          nan          nan   6.1232e-22   8.1467e-22          nan   2.9659e-22   3.5207e-23   3.2329e-23   6.1685e-22   5.7871e-22   7.3594e-22   6.6784e-22   3.3287e-22          nan          nan          nan   1.4122e-22   1.4464e-23          nan   1.1448e-22   1.1732e-22   1.9404e-23   6.3645e-23   5.4794e-23   3.9412e-24
