# limits_tautau.txt
# Mass is in (GeV).  Limits have units of (cm^3/s).
# Column 00 mass
# Column 01 bootes_I
# Column 02 bootes_II
# Column 03 bootes_III
# Column 04 canes_venatici_I
# Column 05 canes_venatici_II
# Column 06 canis_major
# Column 07 carina
# Column 08 coma_berenices
# Column 09 draco
# Column 10 fornax
# Column 11 hercules
# Column 12 leo_I
# Column 13 leo_II
# Column 14 leo_IV
# Column 15 leo_V
# Column 16 pisces_II
# Column 17 sagittarius
# Column 18 sculptor
# Column 19 segue_1
# Column 20 segue_2
# Column 21 sextans
# Column 22 ursa_major_I
# Column 23 ursa_major_II
# Column 24 ursa_minor
# Column 25 willman_1
# Column 26 composite
# 
           2    8.437e-27          nan          nan   1.1438e-25   5.0566e-26          nan   2.2145e-26   6.1793e-27   6.6125e-27   1.5285e-25   5.2446e-26   5.6149e-25   2.9205e-25    1.096e-25          nan          nan          nan   4.3799e-26   2.6774e-27          nan   3.0724e-26   2.9293e-26    1.358e-26   1.5373e-26   1.4798e-26   3.1491e-27
           5   9.2756e-27          nan          nan   6.4132e-26   5.7365e-26          nan   9.2807e-26   9.2102e-27   6.3749e-27   1.6383e-25   1.8095e-25   4.7152e-25   1.0848e-25   1.1607e-25          nan          nan          nan   6.4072e-26    7.529e-27          nan   5.2534e-26   5.7857e-26   5.7404e-27   5.1858e-27   2.0296e-26   2.8883e-27
          10   2.3387e-26          nan          nan   1.2586e-25    9.117e-26          nan    1.826e-25   1.1507e-26   8.2461e-27   2.2734e-25    3.083e-25    5.324e-25   1.3309e-25   1.2342e-25          nan          nan          nan   9.1885e-26   1.3304e-26          nan   4.6349e-26    6.406e-26   7.4213e-27   7.0219e-27   3.9576e-26   4.2962e-27
          25   7.7858e-26          nan          nan   4.7862e-25   2.3899e-25          nan   2.9609e-25   2.6569e-26   2.0626e-26   4.5757e-25   6.8981e-25   1.0059e-24   3.3352e-25   2.3944e-25          nan          nan          nan    2.184e-25   2.8896e-26          nan   8.5558e-26   9.5881e-26   1.7209e-26   2.2406e-26   9.2395e-26   7.6911e-27
          50   2.0454e-25          nan          nan   1.3004e-24   9.9885e-25          nan   4.7119e-25    6.855e-26   5.5967e-26   1.2835e-24   1.1363e-24   1.8448e-24   9.6715e-25   5.6068e-25          nan          nan          nan   4.4968e-25   5.1743e-26          nan    2.029e-25   2.0979e-25   4.2054e-26   8.6002e-26   1.7876e-25   1.4173e-26
         100   4.7978e-25          nan          nan   3.4462e-24    4.507e-24          nan   1.1419e-24   1.9505e-25    1.779e-25   3.1104e-24   2.9424e-24   3.9987e-24   3.4608e-24   1.5975e-24          nan          nan          nan   7.8955e-25   9.0156e-26          nan   5.6814e-25     5.86e-25   1.1985e-25   3.6741e-25   3.2884e-25   2.8567e-26
         250   1.5775e-24          nan          nan   1.3916e-23   2.3121e-23          nan   6.1916e-24    8.315e-25   8.2768e-25   1.2231e-23    1.254e-23   1.4449e-23   1.8841e-23    7.638e-24          nan          nan          nan   2.0994e-24   2.6858e-25          nan   2.5911e-24   2.6365e-24   4.7178e-25   2.1575e-24   7.4515e-25   8.5838e-26
         500   4.4318e-24          nan          nan   4.4773e-23   7.5034e-23          nan   2.2915e-23   2.6501e-24   2.6226e-24   3.8237e-23   3.7402e-23    4.489e-23   6.3234e-23   2.6974e-23          nan          nan          nan   5.9355e-24   7.8402e-25          nan   8.9163e-24   8.7471e-24   1.3344e-24   6.4866e-24    1.964e-24   2.2767e-25
        1000   1.4593e-23          nan          nan   1.6209e-22   2.4079e-22          nan   8.1938e-23   9.3367e-24   9.0029e-24   1.3033e-22   1.1714e-22   1.5944e-22   2.2136e-22   1.0261e-22          nan          nan          nan   2.0253e-23    2.716e-24          nan   3.3519e-23   3.1527e-23   4.2105e-24   1.8216e-23   6.5631e-24   7.1934e-25
        2500   9.4338e-23          nan          nan   1.1127e-21   1.3037e-21          nan    5.184e-22   6.1961e-23   5.8529e-23   7.8633e-22   6.8813e-22   1.0838e-21   1.4358e-21   7.1997e-22          nan          nan          nan   1.3513e-22   1.8284e-23          nan    2.346e-22   2.1284e-22   2.5914e-23   9.4339e-23   4.4022e-23   4.5069e-24
        5000   4.7491e-22          nan          nan   5.6462e-21   5.9586e-21          nan   2.5022e-21   3.1034e-22   2.9106e-22   3.7762e-21   3.2774e-21   5.5157e-21   7.0908e-21   3.6518e-21          nan          nan          nan   6.9037e-22   9.3027e-23          nan   1.1928e-21   1.0707e-21   1.2743e-22   4.3216e-22   2.2666e-22   2.2395e-23
       10000   2.6538e-21          nan          nan   3.1109e-20   3.2424e-20          nan   1.3404e-20   1.7018e-21   1.5929e-21    2.142e-20   1.7924e-20   3.0648e-20   3.8355e-20   1.9894e-20          nan          nan          nan   3.9013e-21   5.1979e-22          nan   6.5276e-21   5.8703e-21   7.0282e-22   2.3282e-21   1.2963e-21   1.2444e-22
