 #mWIMP (GeV)   sigmav (cm^-3 s^-1) sig_SDp (cm^2) C (s^-1)   A (s^-1)
 0.10000000E+02 0.30000000E-25 0.35097018E-35 0.33087201E+29 0.16543600E+29
 0.10476158E+02 0.30000000E-25 0.23366196E-35 0.20812746E+29 0.10406373E+29
 0.10974988E+02 0.30000000E-25 0.15462142E-35 0.13005406E+29 0.65027032E+28
 0.11497570E+02 0.30000000E-25 0.10230291E-35 0.81209323E+28 0.40604662E+28
 0.12045035E+02 0.30000000E-25 0.68383038E-36 0.51200004E+28 0.25600002E+28
 0.12618569E+02 0.30000000E-25 0.46517244E-36 0.32829844E+28 0.16414922E+28
 0.13219411E+02 0.30000000E-25 0.31540624E-36 0.20968994E+28 0.10484497E+28
 0.13848864E+02 0.30000000E-25 0.21565809E-36 0.13496923E+28 0.67484615E+27
 0.14508288E+02 0.30000000E-25 0.14758385E-36 0.86889872E+27 0.43444936E+27
 0.15199111E+02 0.30000000E-25 0.10093181E-36 0.55861207E+27 0.27930604E+27
 0.15922828E+02 0.30000000E-25 0.68959926E-37 0.35851983E+27 0.17925992E+27
 0.16681005E+02 0.30000000E-25 0.47178306E-37 0.23023354E+27 0.11511677E+27
 0.17475284E+02 0.30000000E-25 0.32604674E-37 0.14923942E+27 0.74619709E+26
 0.18307383E+02 0.30000000E-25 0.22726675E-37 0.97494163E+26 0.48747081E+26
 0.19179103E+02 0.30000000E-25 0.16011967E-37 0.64325464E+26 0.32162732E+26
 0.20092330E+02 0.30000000E-25 0.11439674E-37 0.43003113E+26 0.21501557E+26
 0.21049041E+02 0.30000000E-25 0.83680102E-38 0.29410740E+26 0.14705370E+26
 0.22051307E+02 0.30000000E-25 0.62195291E-38 0.20421434E+26 0.10210717E+26
 0.23101297E+02 0.30000000E-25 0.47488531E-38 0.14554896E+26 0.72774482E+25
 0.24201283E+02 0.30000000E-25 0.37039172E-38 0.10588151E+26 0.52940753E+25
 0.25353645E+02 0.30000000E-25 0.29541872E-38 0.78701608E+25 0.39350804E+25
 0.26560878E+02 0.30000000E-25 0.24006303E-38 0.59553794E+25 0.29776897E+25
 0.27825594E+02 0.30000000E-25 0.19966600E-38 0.46087196E+25 0.23043598E+25
 0.29150531E+02 0.30000000E-25 0.16886020E-38 0.36237064E+25 0.18118532E+25
 0.30538555E+02 0.30000000E-25 0.14582740E-38 0.29072118E+25 0.14536059E+25
 0.31992671E+02 0.30000000E-25 0.12766474E-38 0.23625899E+25 0.11812950E+25
 0.33516027E+02 0.30000000E-25 0.11353177E-38 0.19488969E+25 0.97444845E+24
 0.35111917E+02 0.30000000E-25 0.10163838E-38 0.16172025E+25 0.80860126E+24
 0.36783798E+02 0.30000000E-25 0.91916451E-39 0.13546395E+25 0.67731975E+24
 0.38535286E+02 0.30000000E-25 0.83585370E-39 0.11401999E+25 0.57009997E+24
 0.40370173E+02 0.30000000E-25 0.76323643E-39 0.96302048E+24 0.48151024E+24
 0.42292429E+02 0.30000000E-25 0.70340232E-39 0.82039113E+24 0.41019557E+24
 0.44306215E+02 0.30000000E-25 0.65014882E-39 0.70047537E+24 0.35023768E+24
 0.46415888E+02 0.30000000E-25 0.60022035E-39 0.59701459E+24 0.29850729E+24
 0.48626016E+02 0.30000000E-25 0.55854098E-39 0.51258242E+24 0.25629121E+24
 0.50941380E+02 0.30000000E-25 0.51977569E-39 0.43985399E+24 0.21992699E+24
 0.53366992E+02 0.30000000E-25 0.48221003E-39 0.37607231E+24 0.18803616E+24
 0.55908102E+02 0.30000000E-25 0.44895604E-39 0.32251454E+24 0.16125727E+24
 0.58570208E+02 0.30000000E-25 0.41825098E-39 0.27661112E+24 0.13830556E+24
 0.61359073E+02 0.30000000E-25 0.38938174E-39 0.23696339E+24 0.11848170E+24
 0.64280731E+02 0.30000000E-25 0.36258984E-39 0.20295048E+24 0.10147524E+24
 0.67341507E+02 0.30000000E-25 0.33768468E-39 0.17376393E+24 0.86881963E+23
 0.70548023E+02 0.30000000E-25 0.31475898E-39 0.14883738E+24 0.74418692E+23
 0.73907220E+02 0.30000000E-25 0.29342173E-39 0.12744766E+24 0.63723829E+23
 0.77426368E+02 0.30000000E-25 0.27425660E-39 0.10937812E+24 0.54689061E+23
 0.81113083E+02 0.30000000E-25 0.25595830E-39 0.93694097E+23 0.46847048E+23
 0.84975344E+02 0.30000000E-25 0.23835176E-39 0.80052410E+23 0.40026205E+23
 0.89021509E+02 0.30000000E-25 0.22186827E-39 0.68346294E+23 0.34173147E+23
 0.93260335E+02 0.30000000E-25 0.20650337E-39 0.58326823E+23 0.29163411E+23
 0.97700996E+02 0.30000000E-25 0.19223572E-39 0.49769253E+23 0.24884626E+23
 0.10235310E+03 0.30000000E-25 0.17814810E-39 0.42263614E+23 0.21131807E+23
 0.10722672E+03 0.30000000E-25 0.16444570E-39 0.35739230E+23 0.17869615E+23
 0.11233240E+03 0.30000000E-25 0.15066702E-39 0.29988954E+23 0.14994477E+23
 0.11768120E+03 0.30000000E-25 0.13833690E-39 0.25211028E+23 0.12605514E+23
 0.12328467E+03 0.30000000E-25 0.12689437E-39 0.21168918E+23 0.10584459E+23
 0.12915497E+03 0.30000000E-25 0.11578803E-39 0.17677607E+23 0.88388033E+22
 0.13530478E+03 0.30000000E-25 0.10565287E-39 0.14758737E+23 0.73793683E+22
 0.14174742E+03 0.30000000E-25 0.96176935E-40 0.12290126E+23 0.61450630E+22
 0.14849683E+03 0.30000000E-25 0.87704239E-40 0.10250321E+23 0.51251603E+22
 0.15556761E+03 0.30000000E-25 0.79614111E-40 0.85085711E+22 0.42542856E+22
 0.16297508E+03 0.30000000E-25 0.72419681E-40 0.70761543E+22 0.35380772E+22
 0.17073526E+03 0.30000000E-25 0.66039961E-40 0.58986046E+22 0.29493023E+22
 0.17886495E+03 0.30000000E-25 0.60084676E-40 0.49049889E+22 0.24524944E+22
 0.18738174E+03 0.30000000E-25 0.55155884E-40 0.41146373E+22 0.20573187E+22
 0.19630407E+03 0.30000000E-25 0.50744525E-40 0.34588461E+22 0.17294230E+22
 0.20565123E+03 0.30000000E-25 0.46851763E-40 0.29174969E+22 0.14587485E+22
 0.21544347E+03 0.30000000E-25 0.43365433E-40 0.24666853E+22 0.12333426E+22
 0.22570197E+03 0.30000000E-25 0.40441283E-40 0.21010025E+22 0.10505012E+22
 0.23644894E+03 0.30000000E-25 0.38000075E-40 0.18028783E+22 0.90143913E+21
 0.24770764E+03 0.30000000E-25 0.35976740E-40 0.15586025E+22 0.77930125E+21
 0.25950242E+03 0.30000000E-25 0.33963661E-40 0.13434326E+22 0.67171632E+21
 0.27185882E+03 0.30000000E-25 0.32173597E-40 0.11618391E+22 0.58091956E+21
 0.28480359E+03 0.30000000E-25 0.30786966E-40 0.10148844E+22 0.50744220E+21
 0.29836472E+03 0.30000000E-25 0.29643105E-40 0.89194291E+21 0.44597146E+21
 0.31257158E+03 0.30000000E-25 0.28724335E-40 0.78884088E+21 0.39442044E+21
 0.32745492E+03 0.30000000E-25 0.28045679E-40 0.70290347E+21 0.35145173E+21
 0.34304693E+03 0.30000000E-25 0.27594700E-40 0.63111967E+21 0.31555983E+21
 0.35938137E+03 0.30000000E-25 0.27104391E-40 0.56565251E+21 0.28282625E+21
 0.39442061E+03 0.30000000E-25 0.26315170E-40 0.45716574E+21 0.22858287E+21
 0.41320124E+03 0.30000000E-25 0.26190054E-40 0.41509084E+21 0.20754542E+21
 0.43287613E+03 0.30000000E-25 0.26193574E-40 0.37871728E+21 0.18935864E+21
 0.45348785E+03 0.30000000E-25 0.26381290E-40 0.34794043E+21 0.17397022E+21
 0.47508102E+03 0.30000000E-25 0.26733996E-40 0.32161581E+21 0.16080791E+21
 0.49770236E+03 0.30000000E-25 0.27396609E-40 0.30061613E+21 0.15030806E+21
 0.62802914E+03 0.30000000E-25 0.29657054E-40 0.20528121E+21 0.10264061E+21
 0.65793322E+03 0.30000000E-25 0.30519310E-40 0.19263098E+21 0.96315488E+20
 0.68926121E+03 0.30000000E-25 0.31846463E-40 0.18328509E+21 0.91642543E+20
 0.72208090E+03 0.30000000E-25 0.33379600E-40 0.17516455E+21 0.87582277E+20
 0.75646333E+03 0.30000000E-25 0.35016591E-40 0.16754195E+21 0.83770973E+20
 0.10000000E+04 0.30000000E-25 0.47352545E-40 0.13008586E+21 0.65042930E+20
 0.15000000E+04 0.30000000E-25 0.84303766E-40 0.10328942E+21 0.51644711E+20
 0.20000000E+04 0.30000000E-25 0.13650294E-39 0.94237491E+20 0.47118746E+20
 0.30000000E+04 0.30000000E-25 0.28543283E-39 0.87729566E+20 0.43864783E+20
 0.50000000E+04 0.30000000E-25 0.75026475E-39 0.83128676E+20 0.41564338E+20
 0.75000000E+04 0.30000000E-25 0.16045642E-38 0.79068923E+20 0.39534462E+20
 0.10000000E+05 0.30000000E-25 0.26886431E-38 0.74549902E+20 0.37274951E+20
