 #mWIMP (GeV)   sigmav (cm^-3 s^-1) sig_SDp (cm^2) C (s^-1)   A (s^-1)
 0.10000000E+02 0.30000000E-25 0.11231165E-31 0.10588016E+33 0.52940082E+32
 0.10476158E+02 0.30000000E-25 0.45786085E-32 0.40782597E+32 0.20391299E+32
 0.10974988E+02 0.30000000E-25 0.22363021E-32 0.18809825E+32 0.94049124E+31
 0.11497570E+02 0.30000000E-25 0.12261701E-32 0.97334910E+31 0.48667455E+31
 0.12045035E+02 0.30000000E-25 0.73396097E-33 0.54953400E+31 0.27476700E+31
 0.12618569E+02 0.30000000E-25 0.46259704E-33 0.32648083E+31 0.16324042E+31
 0.13219411E+02 0.30000000E-25 0.30484661E-33 0.20266964E+31 0.10133482E+31
 0.13848864E+02 0.30000000E-25 0.20593255E-33 0.12888252E+31 0.64441259E+30
 0.14508288E+02 0.30000000E-25 0.14085904E-33 0.82930649E+30 0.41465324E+30
 0.15199111E+02 0.30000000E-25 0.96795081E-34 0.53571712E+30 0.26785856E+30
 0.15922828E+02 0.30000000E-25 0.67519895E-34 0.35103317E+30 0.17551658E+30
 0.16681005E+02 0.30000000E-25 0.47266976E-34 0.23066626E+30 0.11533313E+30
 0.17475284E+02 0.30000000E-25 0.33381787E-34 0.15279645E+30 0.76398226E+29
 0.18307383E+02 0.30000000E-25 0.23661311E-34 0.10150362E+30 0.50751809E+29
 0.19179103E+02 0.30000000E-25 0.16894957E-34 0.67872734E+29 0.33936367E+29
 0.20092330E+02 0.30000000E-25 0.12120232E-34 0.45561413E+29 0.22780707E+29
 0.21049041E+02 0.30000000E-25 0.86042358E-35 0.30240993E+29 0.15120497E+29
 0.22051307E+02 0.30000000E-25 0.62196054E-35 0.20421685E+29 0.10210842E+29
 0.23101297E+02 0.30000000E-25 0.44785139E-35 0.13726326E+29 0.68631631E+28
 0.24201283E+02 0.30000000E-25 0.32443527E-35 0.92744229E+28 0.46372114E+28
 0.25353645E+02 0.30000000E-25 0.23601031E-35 0.62874792E+28 0.31437396E+28
 0.26560878E+02 0.30000000E-25 0.17154557E-35 0.42556281E+28 0.21278141E+28
 0.27825594E+02 0.30000000E-25 0.12565394E-35 0.29003625E+28 0.14501813E+28
 0.29150531E+02 0.30000000E-25 0.92951059E-36 0.19947113E+28 0.99735563E+27
 0.30538555E+02 0.30000000E-25 0.71384423E-36 0.14231183E+28 0.71155915E+27
 0.31992671E+02 0.30000000E-25 0.52570701E-36 0.97288419E+27 0.48644210E+27
 0.33516027E+02 0.30000000E-25 0.40276070E-36 0.69138276E+27 0.34569138E+27
 0.35111917E+02 0.30000000E-25 0.31268781E-36 0.49752810E+27 0.24876405E+27
 0.36783798E+02 0.30000000E-25 0.24208705E-36 0.35678127E+27 0.17839064E+27
 0.38535286E+02 0.30000000E-25 0.19038363E-36 0.25970503E+27 0.12985251E+27
 0.40370173E+02 0.30000000E-25 0.15192534E-36 0.19169318E+27 0.95846589E+26
 0.42292429E+02 0.30000000E-25 0.12340296E-36 0.14392715E+27 0.71963577E+26
 0.44306215E+02 0.30000000E-25 0.10198504E-36 0.10987947E+27 0.54939735E+26
 0.46415888E+02 0.30000000E-25 0.85788519E-37 0.85330325E+26 0.42665162E+26
 0.48626016E+02 0.30000000E-25 0.73242666E-37 0.67216023E+26 0.33608011E+26
 0.50941380E+02 0.30000000E-25 0.62974904E-37 0.53291763E+26 0.26645881E+26
 0.53366992E+02 0.30000000E-25 0.54369924E-37 0.42402732E+26 0.21201366E+26
 0.55908102E+02 0.30000000E-25 0.47480057E-37 0.34108036E+26 0.17054018E+26
 0.58570208E+02 0.30000000E-25 0.42039780E-37 0.27803093E+26 0.13901546E+26
 0.61359073E+02 0.30000000E-25 0.37669004E-37 0.22923969E+26 0.11461985E+26
 0.64280731E+02 0.30000000E-25 0.34127979E-37 0.19102272E+26 0.95511358E+25
 0.67341507E+02 0.30000000E-25 0.31148199E-37 0.16028069E+26 0.80140346E+25
 0.70548023E+02 0.30000000E-25 0.28885157E-37 0.13658676E+26 0.68293382E+25
 0.73907220E+02 0.30000000E-25 0.26807682E-37 0.11643911E+26 0.58219553E+25
 0.77426368E+02 0.30000000E-25 0.25159408E-37 0.10033993E+26 0.50169964E+25
 0.81113083E+02 0.30000000E-25 0.23703350E-37 0.86766634E+25 0.43383317E+25
 0.84975344E+02 0.30000000E-25 0.22172384E-37 0.74467787E+25 0.37233893E+25
 0.89021509E+02 0.30000000E-25 0.20867451E-37 0.64281970E+25 0.32140985E+25
 0.93260335E+02 0.30000000E-25 0.19712020E-37 0.55676548E+25 0.27838274E+25
 0.97700996E+02 0.30000000E-25 0.18678766E-37 0.48358768E+25 0.24179384E+25
 0.10235310E+03 0.30000000E-25 0.17667093E-37 0.41913173E+25 0.20956587E+25
 0.10722672E+03 0.30000000E-25 0.16657267E-37 0.36201487E+25 0.18100743E+25
 0.11233240E+03 0.30000000E-25 0.15795686E-37 0.31439931E+25 0.15719966E+25
 0.11768120E+03 0.30000000E-25 0.15027685E-37 0.27387008E+25 0.13693504E+25
 0.12328467E+03 0.30000000E-25 0.14356484E-37 0.23949939E+25 0.11974970E+25
 0.12915497E+03 0.30000000E-25 0.13791698E-37 0.21056081E+25 0.10528040E+25
 0.13530478E+03 0.30000000E-25 0.13267025E-37 0.18532818E+25 0.92664088E+24
 0.14174742E+03 0.30000000E-25 0.12848243E-37 0.16418336E+25 0.82091680E+24
 0.14849683E+03 0.30000000E-25 0.12542398E-37 0.14658767E+25 0.73293835E+24
 0.15556761E+03 0.30000000E-25 0.12032798E-37 0.12859771E+25 0.64298853E+24
 0.16297508E+03 0.30000000E-25 0.11601885E-37 0.11336245E+25 0.56681226E+24
 0.17073526E+03 0.30000000E-25 0.11216586E-37 0.10018511E+25 0.50092556E+24
 0.17886495E+03 0.30000000E-25 0.10865676E-37 0.88701521E+24 0.44350761E+24
 0.18738174E+03 0.30000000E-25 0.10489621E-37 0.78252733E+24 0.39126366E+24
 0.19630407E+03 0.30000000E-25 0.10162239E-37 0.69267809E+24 0.34633904E+24
 0.20565123E+03 0.30000000E-25 0.97727958E-38 0.60855985E+24 0.30427993E+24
 0.21544347E+03 0.30000000E-25 0.93768460E-38 0.53336785E+24 0.26668393E+24
 0.22570197E+03 0.30000000E-25 0.90133479E-38 0.46826076E+24 0.23413038E+24
 0.23644894E+03 0.30000000E-25 0.86925416E-38 0.41240956E+24 0.20620478E+24
 0.24770764E+03 0.30000000E-25 0.83998050E-38 0.36390059E+24 0.18195029E+24
 0.25950242E+03 0.30000000E-25 0.79885973E-38 0.31598897E+24 0.15799449E+24
 0.27185882E+03 0.30000000E-25 0.75725771E-38 0.27345766E+24 0.13672883E+24
 0.28480359E+03 0.30000000E-25 0.72126960E-38 0.23776466E+24 0.11888233E+24
 0.29836472E+03 0.30000000E-25 0.68674641E-38 0.20663780E+24 0.10331890E+24
 0.31257158E+03 0.30000000E-25 0.65764735E-38 0.18060614E+24 0.90303068E+23
 0.32745492E+03 0.30000000E-25 0.62972383E-38 0.15782647E+24 0.78913237E+23
 0.34304693E+03 0.30000000E-25 0.60916364E-38 0.13932210E+24 0.69661051E+23
 0.35938137E+03 0.30000000E-25 0.58291399E-38 0.12165068E+24 0.60825340E+23
 0.39442061E+03 0.30000000E-25 0.52359520E-38 0.90962658E+23 0.45481329E+23
 0.41320124E+03 0.30000000E-25 0.50115596E-38 0.79429102E+23 0.39714551E+23
 0.43287613E+03 0.30000000E-25 0.48299810E-38 0.69833818E+23 0.34916909E+23
 0.45348785E+03 0.30000000E-25 0.46903363E-38 0.61860419E+23 0.30930210E+23
 0.47508102E+03 0.30000000E-25 0.45940596E-38 0.55267542E+23 0.27633771E+23
 0.49770236E+03 0.30000000E-25 0.45402773E-38 0.49819326E+23 0.24909663E+23
 0.62802914E+03 0.30000000E-25 0.39929697E-38 0.27638675E+23 0.13819337E+23
 0.65793322E+03 0.30000000E-25 0.39918366E-38 0.25195570E+23 0.12597785E+23
 0.68926121E+03 0.30000000E-25 0.40275966E-38 0.23179918E+23 0.11589959E+23
 0.72208090E+03 0.30000000E-25 0.41023765E-38 0.21527848E+23 0.10763924E+23
 0.75646333E+03 0.30000000E-25 0.41866115E-38 0.20031448E+23 0.10015724E+23
 0.10000000E+04 0.30000000E-25 0.45075786E-38 0.12383120E+23 0.61915599E+22
 0.15000000E+04 0.30000000E-25 0.60637419E-38 0.74293287E+22 0.37146644E+22
 0.20000000E+04 0.30000000E-25 0.81413661E-38 0.56205524E+22 0.28102762E+22
 0.30000000E+04 0.30000000E-25 0.13416173E-37 0.41235448E+22 0.20617724E+22
 0.50000000E+04 0.30000000E-25 0.27521080E-37 0.30493115E+22 0.15246558E+22
 0.75000000E+04 0.30000000E-25 0.43649049E-37 0.21509163E+22 0.10754582E+22
 0.10000000E+05 0.30000000E-25 0.53063970E-37 0.14713421E+22 0.73567105E+21
